1 1  5.74559281E-01  4.62707699E-01 -1.72173781E+00 -9.95140894E-01  2.20240447E+00
1 2  4.35458757E-01  4.25522378E-01 -1.60117703E+00 -1.08102724E+00  2.58152223E+00
1 3 -6.49233466E-03  4.74253633E-02 -4.03212846E-01 -6.23938149E-01  2.24785228E+00
1 4  4.81514268E-01  3.88000518E-02 -4.79816376E-01 -7.53047623E-01  2.36761696E+00
1 5  2.20951119E-01  1.04067232E-01 -1.00765279E+00 -7.66812705E-01  2.49052997E+00
1 6  3.06314630E-01  1.51288358E-01 -1.05397392E+00 -5.54183344E-01  1.99341144E+00
2 1  3.86616314E-01  8.01623166E-01 -8.87032696E-01 -1.52905085E+00  1.92759641E+00
2 2  4.40050440E-01  7.18383335E-01 -1.35584006E+00 -1.64482072E+00  2.45l13428E+00
2 3  3.67170246E-02 -5.61537089E-02 -1.01505114E+00 -3.83501537E-01  3.09611594E+00
2 4  l.65289800E-01  1.70060547E-02 -1.15989586E+00 -3.09043606E-01  2.85528452E+00
2 5  3.07936037E-01  3.85654734E-01 -1.00679367E+00 -1.02253224E+00  1.98359891E+00
2 6  1.31439752E-01  4.02605087E-01 -4.03779860E-01 -9.92782318E-01  1.70204048E+00
3 1  3.58940314E-01  4.95409368E-01 -6.27121405E-01 -7.63286332E-01  1.55427990E+00
3 2  2.09965713E-01  3.24844698E-01 -8.07822126E-01 -8.80559875E-01  2.08557260E+00
3 3 -9.08564453E-02 -1.75290010E-01 -4.90665403E-01 -1.91890309E-01  2.80704666E+00
3 4 -2.94892431E-04 -2.05446289E-01 -7.68224281E-01  l.17367277E-01  2.75988679E+00
3 5  1.91096116E-01  1.87522643E-01 -9.11250293E-01 -5.71111677E-01  1.98460093E+00
3 6  2.47570773E-01  3.91438655E-01 -6.43926655E-01 -7.67813443E-01  1.4962546lE+00
4 1  5.01750036E-01  5.77129399E-01 -1.35720266E+00 -1.04622956E+00  1.99818623E+00
4 2  3.55927079E-01  4.23490372E-01 -1.29001962E+00 -9.61774515E-01  2.30245072E+00
4 3 -5.57814073E-02 -1.21642205E-01 -5.62937765E-01 -3.16487314E-01  2.94384763E+00
4 4  1.07676095E-01 -1.21212315E-01 -9.15292141E-01 -2.77208541E-01  2.97756952E+00
4 5  1.40565912E-01  6.61535051E-02 -6.51440190E-01 -4.10729136E-01  1.86781589E+00
4 6  1.14401727E-01  2.07595064E-01 -3.50865144E-01 -5.22015309E-01  1.52884872E+00
