1 1 -4.15586022E-01 -7.50869801E-01 -6.26841762E-02 -1.61673242E+00 6.78459487E+00
1 2 -8.19124731E-01 -9.09585597E-01  1.24573100E+00 -1.80429429E+00 6.43835525E+00
1 3 -1.42224362E+00 -1.18235587E+00  4.15636528E+00 -1.31952622E+00 4.14994576E+00
1 4 -1.43530592E+00 -1.40129681E+00  4.30851317E+00 -6.13432992E-01 3.91698107E+00
1 5 -9.13614531E-01 -1.02085301E+00  2.05263792E+00 -1.20481693E+00 5.76797550E+00
1 6 -5.00806267E-01 -6.40179441E-01  6.00336702E-01 -1.72489385E+00 6.28328251E+00
2 1 -4.10306784E-01 -5.59607899E-01  8.41784321E-03 -1.82745777E+00 7.01077413E+00
2 2 -9.17965965E-01 -8.57576457E-01  1.65778832E+00 -1.74210229E+00 6.31934305E+00
2 3 -1.25456604E+00 -8.33540325E-01  3.35449427E+00 -2.02941542E+00 5.61265781E+00
2 4 -8.64337002E-01 -3.66203002E-01  2.43257460E+00 -2.43853742E+00 6.02758044E+00
2 5 -5.30065572E-01 -2.18096252E-01  1.28866179E+00 -2.14385922E+00 6.00629093E+00
2 6 -4.17496112E-01 -3.94890710E-01  5.65160173E-01 -1.81148452E+00 6.28661034E+00
3 1 -1.68487511E-01 -4.83367793E-01 -4.73701322E-01 -1.72666100E+00 7.16722078E+00
3 2 -9.15337559E-01 -8.83815317E-01  1.66617783E+00 -2.18486442E+00 7.16769077E+00
3 3 -1.13551135E+00 -7.83533518E-01  2.75493715E+00 -2.32068743E+00 6.72491255E+00
3 4 -1.98417811E-01  3.01961060E-02 -2.64713855E-01 -2.60622295E+00 8.18005102E+00
3 5  1.02759914E-02  2.09493861E-01 -6.30085802E-01 -2.55700412E+00 7.18374974E+00
3 6 -1.80634032E-01 -2.06153419E-01  2.48345237E-01 -1.81286248E+00 5.73012908E+00
4 1 -2.39386843E-01 -4.96995642E-01 -5.10797542E-01 -2.14213999E+00 7.56139657E+00
4 2 -8.38309477E-01 -7.03483344E-01  1.51059375E+00 -2.36513950E+00 6.94308817E+00
4 3 -1.70706706E+00 -1.17987406E+00  4.82706183E+00 -1.76485628E+00 5.06494256E+00
4 4 -1.41821434E+00 -1.11527452E+00  3.86485170E+00 -1.40866619E+00 5.21901993E+00
4 5 -7.11816529E-01 -6.18844507E-01  1.52472219E+00 -1.78588700E+00 6.06417207E+00
4 6 -3.99560349E-01 -4.70927657E-01  4.68497339E-01 -1.92315743E+00 6.52222929E+00
