
*********************************************************
Month, time (UTC), time (LT), lat (deg), Long (deg), Fam (dB)
JULY,	13,	0,	40.0000,	-180.0000,	69.971
JULY,	12,	0,	40.0000,	-165.0000,	66.602
JULY,	11,	0,	40.0000,	-150.0000,	63.083
JULY,	10,	0,	40.0000,	-135.0000,	62.386
JULY,	9,	0,	40.0000,	-120.0000,	68.617
JULY,	8,	0,	40.0000,	-105.0000,	81.713
JULY,	7,	0,	40.0000,	-90.0000,	90.545
JULY,	6,	0,	40.0000,	-75.0000,	83.784
JULY,	5,	0,	40.0000,	-60.0000,	68.307
JULY,	4,	0,	40.0000,	-45.0000,	58.573
JULY,	3,	0,	40.0000,	-30.0000,	56.884
JULY,	2,	0,	40.0000,	-15.0000,	59.861
JULY,	1,	0,	40.0000,	0.0000,	66.627
JULY,	24,	0,	40.0000,	15.0000,	72.663
JULY,	23,	0,	40.0000,	30.0000,	74.968
JULY,	22,	0,	40.0000,	45.0000,	73.447
JULY,	21,	0,	40.0000,	60.0000,	73.473
JULY,	20,	0,	40.0000,	75.0000,	74.231
JULY,	19,	0,	40.0000,	90.0000,	67.787
JULY,	18,	0,	40.0000,	105.0000,	59.039
JULY,	17,	0,	40.0000,	120.0000,	61.498
JULY,	16,	0,	40.0000,	135.0000,	71.677
JULY,	15,	0,	40.0000,	150.0000,	75.914
JULY,	14,	0,	40.0000,	165.0000,	73.313
JULY,	13,	0,	40.0000,	180.0000,	69.971
*********************************************************